7 42 50 62 220 283 284 343 397 
23 27 47 53 126 314 335 389 415 435 
56 118 120 167 171 289 294 325 334 437 450 
27 52 120 137 171 187 189 205 325 334 
3 61 110 139 141 179 216 224 234 343 381 385 404 418 425 436 446 
8 27 61 72 93 209 237 274 372 404 433 452 
8 61 86 118 124 171 192 289 381 404 410 418 437 447 
27 61 93 171 209 237 274 334 372 404 
49 63 73 83 123 167 237 238 247 259 325 349 427 443 
27 31 35 55 76 213 272 292 313 329 334 409 
208 210 330 351 372 401 443 448 
27 160 191 203 219 339 343 392 423 
5 20 80 102 117 128 171 175 214 237 272 335 338 434 445 
1 8 27 72 79 89 157 194 224 274 327 334 361 372 408 440 
31 43 66 73 95 100 161 247 278 286 287 302 325 349 383 395 443 
27 33 110 139 144 192 216 224 234 272 286 343 425 
20 52 102 171 214 224 237 419 
27 52 83 120 174 187 189 325 334 427 450 
27 49 119 123 161 167 238 259 295 302 315 325 349 356 427 442 443 
118 120 171 252 260 272 289 294 325 334 447 
17 33 139 141 144 179 234 237 343 425 436 446 
8 41 61 89 183 194 208 237 274 361 372 
27 50 62 163 207 220 233 283 397 
160 162 187 219 237 251 405 
5 153 155 210 211 222 261 330 351 415 
27 31 35 213 292 409 
63 73 83 119 158 184 201 237 259 280 302 304 308 315 427 443 
27 61 81 93 171 194 209 237 272 274 334 372 404 413 433 452 
7 42 50 62 108 122 163 165 207 220 233 283 299 311 342 343 384 397 
27 40 89 132 167 176 208 224 272 274 327 334 361 372 408 440 
7 42 48 50 62 88 108 122 163 207 220 224 284 342 397 
8 33 110 139 141 167 179 187 216 234 237 322 323 358 436 
52 120 171 174 189 205 289 325 334 
27 61 81 89 171 209 237 274 372 404 
7 27 42 61 88 91 108 122 163 180 220 233 342 343 361 381 397 404 452 
8 57 61 72 93 167 171 274 335 359 372 404 
7 27 50 62 122 145 163 165 179 207 220 233 283 284 343 397 446 
33 139 141 144 179 216 234 272 286 323 343 385 436 
83 119 123 161 167 237 266 443 
27 70 219 232 237 321 339 
27 110 179 224 234 237 272 322 425 436 
8 52 84 118 120 187 294 314 334 380 437 
30 49 119 224 237 238 247 259 266 280 302 315 370 427 443 455 
27 63 73 161 272 295 306 315 325 343 395 406 443 
8 27 56 86 118 120 124 137 167 171 193 224 237 242 260 294 305 325 334 410 447 450 
42 88 108 114 134 159 177 220 233 253 272 283 309 324 342 397 
52 162 169 171 181 237 335 434 
8 27 52 120 187 289 325 334 437 
43 49 63 73 83 119 123 237 238 247 280 349 443 
27 43 66 111 161 278 286 325 383 443 
5 27 66 80 102 117 128 169 175 214 224 237 272 335 338 352 419 434 451 
43 62 73 146 202 207 286 325 343 360 395 443 449 
20 136 171 175 214 237 272 338 352 434 
20 27 51 102 171 185 214 344 361 379 407 
23 32 61 68 70 129 132 136 167 243 286 307 334 354 360 373 376 382 389 399 404 415 417 418 449 
27 61 72 89 93 171 209 224 237 272 274 334 372 404 413 433 440 452 
5 117 128 171 214 352 
27 121 272 318 
27 179 216 234 322 343 385 425 436 
13 56 118 137 294 325 437 447 
33 110 139 141 144 179 216 224 234 237 286 326 343 425 
5 20 27 102 169 185 214 338 352 
110 141 144 234 237 322 326 343 425 436 
8 27 61 89 167 194 209 237 274 452 
70 129 243 360 382 415 
8 33 110 141 216 234 237 358 
5 27 117 171 214 224 237 335 352 419 
49 73 100 113 146 184 282 354 443 
56 86 118 120 124 137 167 171 325 398 437 447 450 
17 27 32 110 179 216 234 434 436 
49 63 65 73 83 96 119 123 161 167 224 237 238 247 280 315 325 349 395 400 443 455 
7 27 48 50 62 122 163 177 207 220 233 284 299 342 343 353 397 
27 50 62 108 165 177 207 220 224 272 283 342 343 397 414 
20 32 102 167 171 185 214 226 237 338 379 407 
153 261 298 345 351 401 421 
27 52 86 118 124 
27 47 53 128 129 136 167 169 224 272 354 376 389 415 417 449 
71 79 88 108 121 167 198 220 236 252 272 284 317 331 342 397 
118 120 137 174 187 189 289 
27 33 41 115 171 234 245 323 
27 171 178 219 224 227 237 287 
35 
31 34 35 60 90 151 154 164 213 292 346 371 403 409 
27 36 160 174 181 187 203 219 237 250 441 
5 120 153 155 210 211 261 298 355 
27 141 210 216 234 436 
27 83 160 178 181 184 196 203 219 237 250 304 392 428 
23 29 47 54 68 215 237 249 286 314 320 335 373 382 386 389 399 415 435 
27 31 43 66 73 95 173 202 286 287 325 383 429 443 
167 169 194 237 274 286 327 372 440 
27 50 62 122 163 207 220 284 342 434 
18 23 169 188 224 263 307 388 415 417 439 
14 19 24 63 83 119 184 201 224 259 302 304 315 349 427 443 
27 53 54 70 249 272 314 328 386 388 389 415 434 435 455 
8 27 86 118 120 137 167 171 260 334 450 
14 49 83 106 160 169 201 219 237 348 
63 83 237 238 259 296 308 315 325 427 443 
8 27 167 171 209 237 274 433 
27 67 160 178 191 210 218 219 220 247 252 316 343 354 392 393 423 426 449 
4 58 64 74 118 120 126 135 137 170 217 241 242 260 334 362 377 380 398 416 
110 139 141 144 179 234 322 326 425 
27 56 86 118 137 205 260 293 294 450 
67 160 178 203 218 219 252 343 354 392 393 423 426 
23 27 32 47 54 132 142 167 169 237 334 360 389 399 415 
160 171 178 219 224 227 237 335 343 392 404 
27 73 182 183 224 237 238 264 268 271 333 443 
31 34 35 90 151 164 213 286 292 313 346 371 403 409 424 
35 79 148 154 202 213 272 300 313 336 375 409 
23 47 68 70 128 167 169 243 307 360 389 399 415 434 
9 27 45 79 102 169 185 210 224 334 338 340 343 351 438 443 
14 49 63 83 119 259 266 280 308 427 443 
66 73 95 100 161 269 287 349 383 443 
13 21 27 33 141 179 216 234 237 322 326 385 436 
8 103 120 137 189 205 314 325 334 
7 42 62 91 108 122 163 180 220 233 256 257 273 299 309 342 343 361 397 
27 128 136 169 171 178 181 219 227 237 247 272 287 314 335 392 423 434 449 
31 43 66 73 95 161 202 278 325 349 383 443 
63 97 98 182 224 237 259 266 271 315 333 406 443 
118 120 171 193 237 238 260 325 334 
27 264 266 272 325 443 
7 27 50 108 122 163 165 197 220 224 233 284 342 343 397 434 
8 32 89 167 176 194 208 224 237 274 327 334 372 387 408 440 449 
32 67 160 178 191 199 203 210 214 218 219 247 252 316 343 354 392 393 423 426 449 
17 27 32 110 141 144 179 224 234 237 436 
52 118 120 137 171 187 189 205 289 325 
27 73 161 182 264 271 315 349 363 431 443 
27 160 169 171 181 219 224 227 247 272 314 335 343 392 434 
3 17 110 141 144 179 216 234 237 286 322 385 425 436 
5 22 80 102 117 136 169 171 214 226 238 335 338 352 
14 27 73 96 119 123 167 184 201 238 259 325 349 427 443 453 
7 27 42 50 62 108 177 207 220 272 342 
35 49 83 235 237 313 396 409 412 427 
167 179 216 234 237 286 322 343 385 425 436 
27 48 108 122 207 220 233 284 342 343 397 
27 63 73 83 119 161 237 247 280 395 427 443 
5 102 167 169 185 214 224 237 338 407 419 
27 49 56 63 69 73 83 98 119 161 167 259 266 315 395 427 443 
41 63 73 83 119 123 146 161 201 259 308 443 
32 160 171 178 219 227 287 335 392 
27 144 216 224 234 237 322 425 
3 27 32 110 139 141 144 179 216 224 234 237 286 322 326 343 385 425 436 446 
3 48 50 59 88 108 121 133 144 220 224 233 272 286 342 397 425 434 
17 27 32 33 141 144 179 216 234 237 322 326 343 385 425 430 
3 110 141 144 179 216 224 234 237 425 436 
17 27 33 139 216 237 343 425 
110 179 234 237 
41 91 122 233 
86 127 294 325 
27 61 169 171 178 181 219 237 272 279 335 404 423 452 
8 61 89 93 167 176 274 372 413 
8 52 103 118 120 137 171 174 187 189 205 289 
17 105 192 234 322 
153 208 210 220 345 351 355 401 448 
27 67 160 178 218 219 244 354 392 393 426 
6 7 27 42 62 80 91 108 122 163 180 220 233 257 284 299 309 342 343 349 361 397 434 
31 35 55 75 76 96 98 99 107 190 206 213 224 254 255 262 265 272 280 281 292 302 348 373 375 409 424 434 
30 49 63 73 119 147 161 238 247 259 266 315 319 325 349 427 443 
1 8 27 39 89 169 194 208 237 272 274 327 408 433 440 
73 123 167 237 259 427 443 
8 27 120 416 437 450 
27 120 124 137 171 237 260 289 294 325 437 450 
63 73 115 161 182 237 264 315 333 343 349 406 443 
8 27 52 56 86 120 124 137 171 224 260 289 325 437 447 450 
32 72 89 99 194 237 274 362 372 440 
63 73 83 119 123 161 167 224 237 238 246 247 259 266 315 394 427 443 
8 27 49 83 184 194 259 274 372 396 413 433 440 442 
42 91 163 220 233 342 343 434 
27 31 34 90 151 313 371 402 424 
7 27 42 50 62 108 122 163 207 220 224 233 283 284 299 343 397 434 
7 42 50 62 82 88 104 108 122 163 167 220 233 342 343 361 397 
27 33 139 144 179 216 234 237 286 322 343 385 430 436 
26 71 88 180 198 220 233 283 284 342 
42 207 220 233 283 284 299 397 
27 84 120 124 187 189 289 314 334 
23 27 54 68 70 75 128 129 132 136 150 167 169 190 224 243 272 286 334 354 360 361 373 382 386 389 415 449 
27 160 178 181 191 203 219 239 244 255 343 364 392 393 422 423 449 
8 27 52 103 120 124 174 205 314 325 437 
8 72 89 167 209 237 274 372 413 452 
50 62 108 122 163 220 224 284 342 343 397 
27 30 41 73 78 83 119 131 184 201 224 237 315 343 366 442 443 
160 162 169 171 219 224 227 237 247 272 279 287 335 343 392 434 
48 50 59 62 104 108 163 220 233 343 
27 73 83 103 119 161 224 259 266 280 308 315 325 427 443 455 
42 50 91 108 122 163 180 220 284 360 397 
3 17 33 139 141 179 216 234 237 286 322 343 425 430 436 446 
27 31 35 224 265 272 292 329 375 409 424 
7 27 42 62 122 163 220 233 
8 120 187 189 325 
27 33 139 141 144 167 179 216 234 322 343 436 446 
160 178 181 203 219 240 247 250 272 339 343 392 393 
7 27 62 108 122 163 165 207 220 224 233 283 299 397 
23 32 68 132 167 272 360 382 388 399 415 417 439 
20 22 171 214 224 237 272 335 352 
8 18 27 47 101 126 169 171 224 314 320 389 415 435 
27 33 139 141 144 179 216 234 237 326 343 385 425 436 
15 162 169 178 187 219 237 335 392 
56 86 120 137 224 237 294 305 325 334 369 437 447 450 451 
27 63 73 161 182 237 238 264 266 271 302 315 325 333 343 443 
5 37 211 214 222 223 225 298 330 351 
5 20 27 171 214 223 343 344 


52 56 86 120 124 167 193 260 305 325 334 437 447 450 
7 27 42 59 82 88 132 163 207 220 272 397 
162 171 181 219 227 237 247 272 287 343 392 423 
27 31 50 154 220 229 233 252 270 324 361 397 
7 42 50 108 207 220 230 233 238 284 299 342 343 414 420 
15 27 63 73 143 161 182 186 224 264 266 268 325 333 343 349 369 443 
56 86 137 167 171 193 224 237 260 305 334 398 410 450 
8 18 27 46 68 101 169 171 187 314 320 334 335 415 435 
27 63 73 83 119 184 201 224 259 304 427 443 455 
40 62 194 274 303 311 327 372 
31 153 197 274 278 327 355 359 372 448 
92 108 204 220 233 397 
3 33 139 141 144 179 216 224 234 237 272 286 322 326 343 385 425 436 
27 34 35 41 55 85 167 224 292 313 329 346 365 402 
31 43 66 161 269 278 294 325 383 395 443 
8 13 27 56 118 120 137 325 437 447 
10 23 47 54 66 68 75 128 129 132 136 167 169 286 334 354 361 373 386 389 415 449 
27 31 43 70 73 95 154 161 173 247 269 272 278 286 302 325 349 383 395 443 454 
31 34 35 60 90 151 154 164 286 292 313 346 371 403 409 424 
31 34 35 168 213 265 272 286 290 309 313 346 409 
7 27 48 61 122 163 207 220 342 397 404 
93 237 274 413 441 452 
27 52 103 120 137 171 174 289 325 437 
307 360 399 415 439 449 
52 120 137 171 174 205 325 334 437 
27 178 181 191 219 237 250 343 392 405 
8 27 118 120 124 137 224 289 334 437 450 
144 216 234 322 385 436 
31 43 66 73 95 161 202 247 269 278 287 325 349 383 443 449 
18 27 46 101 169 224 237 314 320 334 335 389 415 417 
27 63 73 119 123 201 259 302 427 442 443 
104 108 133 180 220 272 391 
42 62 88 122 220 284 343 361 397 
27 31 35 90 149 151 164 224 237 292 346 371 409 424 
52 103 118 120 137 171 174 189 205 325 437 
8 73 114 161 182 266 315 343 443 
7 42 50 62 88 108 122 163 165 197 207 220 224 233 283 343 397 404 418 434 
27 61 81 89 93 109 152 166 194 209 237 274 314 334 367 372 404 408 438 440 452 
27 42 361 
216 323 
8 27 56 120 124 167 171 224 289 294 305 325 437 447 450 
30 49 73 119 123 184 237 259 264 276 315 349 427 443 444 
31 34 35 60 90 151 154 164 213 286 292 313 346 371 403 409 424 
8 61 72 176 184 194 208 274 327 334 440 
52 56 86 118 120 124 171 260 267 289 294 410 
8 27 89 171 237 274 372 381 404 433 440 
27 63 73 119 123 224 247 266 349 427 443 
8 61 89 171 194 274 372 413 452 
5 27 102 117 171 226 237 272 352 
178 181 219 272 279 374 
27 49 63 119 237 238 266 427 443 
52 84 120 171 187 189 193 314 334 437 441 
44 63 73 83 123 201 224 259 315 332 349 
27 67 160 178 218 219 247 252 316 354 426 
8 56 120 137 167 294 325 437 450 
8 27 84 118 120 124 174 187 193 314 
27 210 211 261 355 421 433 
298 330 355 372 421 433 
63 73 87 161 182 238 264 266 271 325 333 343 349 395 443 
8 27 187 194 205 208 224 274 314 334 367 432 440 441 
7 27 50 52 62 207 220 233 272 
118 120 137 187 189 289 314 325 334 437 
108 198 220 233 252 283 
27 54 169 171 320 335 
23 27 68 169 221 272 286 307 354 360 382 388 415 439 
3 17 33 110 141 144 179 216 224 234 237 343 385 425 436 
27 32 110 139 141 144 216 234 238 286 326 343 385 436 
63 73 228 237 271 302 315 325 333 343 349 363 406 443 
32 33 139 144 216 224 234 286 322 343 425 
23 27 46 47 53 169 224 320 335 388 390 415 434 435 
23 27 32 47 53 54 61 128 129 136 167 224 243 272 307 334 354 378 382 389 404 415 418 
8 61 72 89 93 167 171 194 209 224 274 381 413 440 452 
21 33 110 141 216 234 237 322 326 385 425 436 
8 27 94 214 225 277 297 344 350 352 
27 43 66 70 73 95 100 161 173 202 247 269 278 286 287 302 325 349 383 443 454 
8 18 53 101 169 171 224 263 314 320 328 335 389 399 415 435 
5 20 22 61 102 117 128 136 171 214 237 335 338 352 381 404 418 419 
8 27 61 72 89 93 194 224 237 274 334 372 404 413 433 452 
27 56 167 171 260 285 289 294 305 325 437 450 
172 178 181 218 219 252 316 
102 136 171 214 237 
16 27 31 35 90 167 334 346 409 424 
167 171 260 325 

7 27 42 50 62 108 122 163 220 233 283 284 342 343 397 
42 50 62 88 122 163 207 220 233 343 353 
118 120 137 171 187 189 
27 274 372 381 413 
27 67 129 160 178 191 203 218 219 247 252 316 343 392 393 423 426 449 
11 67 160 178 181 191 203 219 232 237 239 240 250 286 343 347 392 393 423 449 
26 198 233 317 
355 408 
27 243 389 
63 125 182 266 271 297 315 
27 56 118 120 124 167 171 193 237 260 334 437 450 
53 126 150 169 171 187 314 320 389 415 441 
14 49 73 119 238 247 280 302 315 349 366 416 427 443 
27 71 83 88 91 121 198 220 233 252 283 342 397 427 
8 27 56 120 137 325 334 437 
68 272 415 
27 73 83 98 123 161 238 259 302 325 349 
9 141 144 179 234 272 286 425 436 
27 160 169 171 178 227 237 335 343 
182 315 337 343 443 456 
80 117 136 169 171 175 214 226 272 335 338 352 434 
20 27 28 127 185 214 225 231 275 277 449 
27 49 63 73 78 98 119 161 167 259 315 349 395 427 443 455 
8 61 89 208 224 272 274 291 372 381 404 
17 139 141 179 216 234 237 322 385 425 446 
27 54 237 272 307 334 360 399 415 
27 66 73 119 123 167 237 238 259 312 315 427 443 
63 174 187 195 287 325 333 349 383 426 443 
7 27 42 88 108 122 163 180 220 233 284 309 361 397 
34 35 60 90 149 151 164 224 237 292 313 346 371 409 424 
49 63 83 123 167 238 280 315 325 343 349 
27 35 79 237 313 329 375 424 
27 167 179 216 234 237 436 
8 52 118 120 171 187 289 437 
20 22 117 171 175 214 335 338 
5 27 94 155 185 200 214 223 225 297 350 
3 32 33 110 139 141 144 179 216 234 237 272 286 322 326 343 385 425 436 446 
7 27 42 48 50 59 62 108 122 138 163 212 220 233 256 273 284 309 342 343 397 
61 73 83 116 201 237 259 280 304 349 404 427 443 
8 27 61 93 194 272 274 404 452 
5 20 27 128 136 169 175 214 237 272 335 352 
77 141 144 171 179 192 234 305 358 411 430 436 
31 34 35 55 60 90 164 213 286 313 346 371 403 409 424 
17 27 141 216 234 237 248 425 
49 63 73 83 119 237 315 325 427 443 444 
27 56 118 120 137 272 325 437 
14 30 49 63 73 83 85 98 119 123 167 225 238 247 259 266 280 302 315 325 349 395 427 442 443 
9 10 25 27 31 35 60 76 79 167 202 213 224 265 272 290 313 329 346 362 375 409 424 434 
27 52 103 118 124 137 187 325 437 
12 214 237 335 
27 56 86 118 120 124 237 289 294 437 
17 110 141 224 234 310 
7 27 61 62 72 88 91 108 122 163 180 220 233 237 257 258 343 361 397 404 452 
8 72 81 89 93 184 194 237 274 334 359 381 404 418 433 440 
27 63 73 119 140 201 259 302 308 315 349 427 443 
47 68 128 132 136 272 307 399 415 
23 32 35 47 53 54 68 128 129 136 167 169 210 224 243 272 286 307 334 354 361 376 382 389 399 415 417 
9 27 32 47 54 68 70 128 129 136 167 224 272 286 334 354 360 361 382 386 389 390 399 415 417 434 449 
27 49 63 73 119 167 224 237 259 302 308 315 349 427 443 
63 182 224 237 272 286 306 315 333 349 361 368 443 
9 23 47 53 54 61 70 129 167 169 224 243 272 354 360 382 386 399 404 415 434 
27 57 61 81 93 167 194 208 224 274 334 335 359 372 404 413 433 452 
27 41 83 178 181 184 191 196 219 237 428 
38 73 237 238 266 301 315 333 343 443 
7 27 42 50 62 220 224 233 272 299 342 397 
110 141 167 179 192 234 272 286 358 385 436 
5 22 128 169 171 214 226 237 
27 53 126 171 335 415 441 
7 50 88 108 122 163 207 220 284 
8 118 120 124 137 167 171 174 189 314 447 
7 27 42 48 88 91 122 163 220 233 2